    2048   0.79  74.18%   3.40%  22.42%  4560911.906
    4096   1.60  74.10%   3.39%  22.51%  4533753.730
    8192   3.19  74.12%   3.38%  22.49%  4545875.631
   16384   6.49  74.08%   3.42%  22.51%  4473475.856
   32768  12.89  74.01%   3.40%  22.58%  4508016.425
    2048   0.74  71.83%   3.51%  24.66%  5021705.000
    4096   1.48  71.85%   3.65%  24.50%  5041873.900
    8192   3.01  71.87%   3.64%  24.49%  4944618.319
   16384   5.89  71.93%   3.58%  24.50%  5058866.150
   32768  11.92  71.89%   3.60%  24.50%  5001238.787
    2048   0.74  71.92%   3.69%  24.39%  5041788.039
    4096   1.50  71.96%   3.55%  24.49%  4972361.886
    8192   2.95  72.07%   3.58%  24.35%  5042723.626
   16384   5.93  71.88%   3.60%  24.52%  5027811.507
   32768  11.83  71.78%   3.61%  24.61%  5044172.889
    2048   0.73  72.13%   3.55%  24.32%  5066783.402
    4096   1.48  71.88%   3.63%  24.49%  5020629.316
    8192   2.93  71.97%   3.57%  24.46%  5081356.408
   16384   5.92  71.94%   3.60%  24.46%  5035125.820
   32768  11.88  71.98%   3.60%  24.42%  5012021.427
    2048   0.73  71.87%   3.57%  24.56%  5072769.072
    4096   1.48  72.01%   3.55%  24.44%  5034527.591
    8192   2.98  71.86%   3.66%  24.48%  4997684.108
   16384   5.94  72.03%   3.57%  24.40%  5011263.488
   32768  11.89  71.96%   3.56%  24.47%  5009874.901
